# cache line 32 64 128

8.593934 10.368329 12.614298 #specbzip
72.535644 40.674725 27.154106 #speclibm
4.054815 5.843136 7.223148 #specmcf
3.788592 5.423052 6.521122 #spechmmer
705.103051 338.696001 180.841408 #specsjeng


# l1d 32 64 128

6.341698 10.368329 12.588555 #specbzip
25.271339 40.674725 50.740914 #speclibm
3.515727 5.843136 7.290084 #specmcf
3.137028 5.423052 6.782197 #spechmmer
216.812626 338.696001 422.275327 #specsjeng


#l1i 32 64 128

10.368329 13.204952 15.205936 #specbzip
0.398541 0.519567 0.604942 #speclibm
5.843136 6.282256 7.221146 #specmcf
5.423052 6.848048 7.854986 #spechmmer
338.696001 445.582517 520.986693 #specsjeng


# l2 512 1024 4096

11.232848 10.663273 10.136320 #specbzip
40.512543 40.753236 40.982327 #speclibm
5.883265 5.854186 5.879393 #specmcf
5.406904 5.413532 5.442779 #spechmmer
336.578186 337.572638 340.456818 #specsjeng


#l1d assoc 1 2 4

10.574440 10.368329 8.350627 #specbzip
40.933874 40.674725 32.309334 #speclibm
5.863085 5.843136 4.786087 #specmcf
5.586453 5.423059 4.433112 #spechmmer
338.080609 338.696001 268.376357 #specsjeng
 


#l1i assoc 1 2 4

10.369814 10.368329 10.924354 #specbzip
40.834795 40.674725 43.095187 #speclibm
6.653877 5.843136 5.211823 #specmcf
6.574163 5.423052 5.701132 #spechmmer
338.755442 338.696001 359.630051 #specsjeng


#l2 assoc 1 2 4

10.592701 10.432378 10.359115 #specbzip
40.661439 40.668586 40.669807 #speclibm
5.845929 6.016211 5.842386 #specmcf
5.422456 5.422745 5.422826 #spechmmer
338.434869 338.736772 338.639777 #specsjeng


























